[ 4769.176546] [Project1] 6317 1588027320.000580454 1588027321.000405674
[ 4770.953175] [Project1] 6318 1588027322.000324186 1588027323.000182181
[ 4772.710747] [Project1] 6321 1588027324.000086633 1588027324.000939633
[ 4774.478555] [Project1] 6322 1588027325.000839560 1588027326.000707320
[ 4776.155878] [Project1] 6323 1588027327.000525090 1588027328.000384528
[ 4777.930873] [Project1] 6324 1588027329.000283143 1588027330.000159401
[ 4779.701523] [Project1] 6325 1588027331.000051750 1588027331.000929931
[ 4781.437000] [Project1] 6326 1588027332.000794370 1588027333.000665289
[ 4783.200468] [Project1] 6327 1588027334.000547436 1588027335.000428637
[ 4784.948967] [Project1] 6328 1588027336.000312084 1588027337.000177017
